C:\Users\ahmed\FH\Master_Arbeit\BCI_Algorithm\Scripts\python.exe C:\Users\ahmed\FH\Master_Arbeit\BCI_Algorithm\Scripts\BCI_Smart_Home\main.py 
Accuracy SVM: 0.36
SVM_poly_0.5_dataset1:
 [[100   0   0   0]
 [ 64   7  12  15]
 [ 37  13  23  26]
 [ 81   2   2  13]]
Accuracy SVM: 0.31
SVM_poly_0.5_dataset2:
 [[35 11 33 19]
 [20 53 15 10]
 [19 52 17 10]
 [33 15 33 17]]
Accuracy SVM: 0.49
SVM_poly_0.5_dataset3:
 [[40 15 39  4]
 [ 3 70 21  4]
 [17 18 33 30]
 [14 15 19 49]]
Accuracy SVM: 0.47
SVM_poly_0.5_dataset4:
 [[57 32  1  9]
 [13 69  1 15]
 [12 48 24 14]
 [ 2 58  1 38]]
Accuracy SVM: 0.36
SVM_poly_1_dataset1:
 [[100   0   0   0]
 [ 64   6  12  15]
 [ 35  12  22  29]
 [ 80   2   3  13]]
Accuracy SVM: 0.32
SVM_poly_1_dataset2:
 [[34 11 32 21]
 [18 53 16 11]
 [18 50 19 11]
 [31 15 32 20]]
Accuracy SVM: 0.50
SVM_poly_1_dataset3:
 [[42 15 37  4]
 [ 3 72 20  3]
 [17 18 34 29]
 [14 15 20 49]]
Accuracy SVM: 0.48
SVM_poly_1_dataset4:
 [[57 31  1  9]
 [13 69  1 15]
 [12 48 24 14]
 [ 2 57  1 38]]
Accuracy SVM: 0.36
SVM_poly_3_dataset1:
 [[100   0   0   0]
 [ 63   7  12  17]
 [ 34  11  21  31]
 [ 80   2   2  14]]
Accuracy SVM: 0.31
SVM_poly_3_dataset2:
 [[33 12 32 21]
 [17 54 15 12]
 [18 53 16 11]
 [32 16 30 20]]
Accuracy SVM: 0.49
SVM_poly_3_dataset3:
 [[43 15 37  4]
 [ 3 71 21  3]
 [17 18 33 30]
 [15 15 20 48]]
Accuracy SVM: 0.47
SVM_poly_3_dataset4:
 [[57 31  0 10]
 [13 68  1 16]
 [14 47 23 15]
 [ 2 55  1 39]]